/Volumes/Samsung_T5/MLDanseImprovML/fullHD/chunks/2019-10-04_12-03-39.mp4-54.mp4 0.105 0.021 0.026 0.026 0.062 0.013 0.047 0.020 0.001 0.002 0.001 0.008 0.002 0.000 0.000 0.000 0.001 0.001 0.000 0.000 0.000 0.000 0.000 0.000 6.648 203.298 7.192 182.483 23.957 178.634 -5.790 192.259 37.516 193.733 -14.034 244.162 50.850 243.254 -13.948 351.504 77.365 353.411 58.516 436.152 91.620 437.048 10.146 426.830 48.490 424.188 1.959 483.994 -0.384 484.785 26.529 399.273 37.547 398.431 
/Volumes/Samsung_T5/MLDanseImprovML/fullHD/chunks/2019-10-04_12-03-39.mp4-57.mp4 0.105 0.021 0.026 0.026 0.062 0.013 0.047 0.020 0.001 0.002 0.001 0.008 0.002 0.000 0.000 0.000 0.001 0.001 0.000 0.000 0.000 0.000 0.000 0.000 6.648 203.298 7.192 182.483 23.957 178.634 -5.790 192.259 37.516 193.733 -14.034 244.162 50.850 243.254 -13.948 351.504 77.365 353.411 58.516 436.152 91.620 437.048 10.146 426.830 48.490 424.188 1.959 483.994 -0.384 484.785 26.529 399.273 37.547 398.431
/Volumes/Samsung_T5/MLDanseImprovML/fullHD/chunks/2019-10-04_12-03-39.mp4-57.mp4 0.105 0.021 0.026 0.026 0.062 0.013 0.047 0.020 0.001 0.002 0.001 0.008 0.002 0.000 0.000 0.000 0.001 0.001 0.000 0.000 0.000 0.000 0.000 0.000 6.648 203.298 7.192 182.483 23.957 178.634 -5.790 192.259 37.516 193.733 -14.034 244.162 50.850 243.254 -13.948 351.504 77.365 353.411 58.516 436.152 91.620 437.048 10.146 426.830 48.490 424.188 1.959 483.994 -0.384 484.785 26.529 399.273 37.547 398.431
/Volumes/Samsung_T5/MLDanseImprovML/fullHD/chunks/2019-10-04_12-03-39.mp4-57.mp4 0.000 0.000 0.000 0.000 0.000 0.000 0.000 0.000 0.000 0.000 0.000 0.000 0.000 0.000 0.000 0.000 0.000 0.000 0.000 0.000 0.000 0.000 0.000 0.000 41.191 219.538 13.571 193.539 44.519 211.010 23.195 194.452 68.476 197.390 -2.118 237.734 80.470 246.009 -17.702 336.635 111.003 349.079 134.631 420.683 132.385 420.102 -1.824 438.593 59.233 439.788 13.313 356.156 40.836 356.995 -6.553 383.182 30.283 384.629
/Volumes/Samsung_T5/MLDanseImprovML/fullHD/chunks/2019-10-04_12-03-39.mp4-57.mp4 0.009 0.034 0.301 0.268 0.003 0.033 0.028 0.004 0.010 0.033 0.004 0.006 0.001 0.003 0.002 0.001 0.000 0.000 0.000 0.000 0.000 0.000 0.000 0.000 41.191 219.538 13.571 193.539 44.519 211.010 23.195 194.452 68.476 197.390 -2.118 237.734 80.470 246.009 -17.702 336.635 111.003 349.079 134.631 420.683 132.385 420.102 -1.824 438.593 59.233 439.788 13.313 356.156 40.836 356.995 -6.553 383.182 30.283 384.629
/Volumes/Samsung_T5/MLDanseImprovML/fullHD/chunks/2019-10-04_12-03-39.mp4-57.mp4 0.011 0.008 0.554 0.624 0.014 0.058 0.035 0.002 0.006 0.018 0.004 0.003 0.001 0.002 0.002 0.001 0.000 0.000 0.001 0.000 0.000 0.000 0.000 0.000 41.191 219.538 13.571 193.539 44.519 211.010 23.195 194.452 68.476 197.390 -2.118 237.734 80.470 246.009 -17.702 336.635 111.003 349.079 134.631 420.683 132.385 420.102 -1.824 438.593 59.233 439.788 13.313 356.156 40.836 356.995 -6.553 383.182 30.283 384.629
/Volumes/Samsung_T5/MLDanseImprovML/fullHD/chunks/2019-10-04_12-03-39.mp4-57.mp4 0.749 0.688 0.890 0.756 0.043 0.158 0.177 0.008 0.003 0.009 0.008 0.007 0.001 0.003 0.002 0.001 0.000 0.000 0.000 0.000 0.000 0.000 0.000 0.000 47.018 214.056 14.073 193.131 66.103 188.349 25.871 184.281 69.419 196.126 -2.352 236.868 80.334 245.919 -18.597 337.054 110.846 345.143 -4.619 373.331 136.950 413.332 -1.995 439.219 59.687 440.219 -8.475 379.290 156.864 485.012 -6.977 403.342 161.008 462.498
/Volumes/Samsung_T5/MLDanseImprovML/fullHD/chunks/2019-10-04_12-03-39.mp4-57.mp4 0.156 1.811 0.610 0.311 0.132 0.179 0.023 0.047 0.066 0.037 0.016 0.020 0.005 0.003 0.002 0.005 0.002 0.002 0.001 0.001 0.000 0.000 0.000 0.000 48.778 213.280 42.854 173.505 69.136 187.757 22.759 185.602 71.365 193.890 -5.070 241.226 81.273 249.021 -23.888 343.417 110.306 348.412 -1.482 372.805 145.448 407.780 -3.490 442.114 61.336 441.844 14.765 372.634 176.667 483.755 -5.505 403.315 150.108 432.624
/Volumes/Samsung_T5/MLDanseImprovML/fullHD/chunks/2019-10-04_12-03-39.mp4-57.mp4 0.685 0.707 0.111 0.079 0.116 0.230 0.043 0.052 0.051 0.008 0.004 0.004 0.008 0.008 0.005 0.007 0.008 0.005 0.002 0.002 0.002 0.001 0.000 0.000 38.768 218.429 9.371 171.308 51.042 187.670 15.278 190.740 68.906 189.774 -8.523 242.563 80.379 249.985 -17.946 343.811 111.443 360.853 -7.531 396.629 138.077 446.659 -1.520 447.377 59.703 451.884 -7.110 382.187 152.870 480.959 -6.654 407.496 167.376 501.174
/Volumes/Samsung_T5/MLDanseImprovML/fullHD/chunks/2019-10-04_12-03-39.mp4-57.mp4 0.410 0.202 0.003 0.041 0.170 0.434 0.038 0.005 0.008 0.002 0.001 0.002 0.001 0.001 0.001 0.001 0.001 0.000 0.000 0.000 0.000 0.000 0.000 0.000 51.561 193.333 1.147 172.581 58.356 179.245 11.290 185.431 60.403 186.387 -19.031 245.836 75.636 247.813 -17.365 342.732 108.994 359.360 21.542 341.950 129.518 445.250 4.919 442.410 52.733 445.417 -5.686 379.663 144.138 463.381 172.746 495.480 148.376 465.214
/Volumes/Samsung_T5/MLDanseImprovML/fullHD/chunks/2019-10-04_12-03-39.mp4-57.mp4 0.633 0.170 0.147 0.042 0.152 0.343 0.008 0.009 0.014 0.001 0.001 0.001 0.000 0.001 0.001 0.000 0.000 0.000 0.000 0.000 0.000 0.000 0.000 0.000 38.167 197.730 -2.820 171.396 54.650 178.312 9.186 184.910 58.237 184.815 -19.181 246.734 75.141 246.626 -16.916 341.469 108.796 359.849 22.784 340.830 123.884 430.994 4.624 443.085 60.868 446.291 -4.479 368.166 148.398 477.509 171.916 497.200 145.630 464.114
/Volumes/Samsung_T5/MLDanseImprovML/fullHD/chunks/2019-10-04_12-03-39.mp4-57.mp4 1.182 0.527 0.117 0.160 0.068 0.089 0.285 0.099 0.004 0.009 0.012 0.009 0.004 0.002 0.001 0.000 0.000 0.000 0.000 0.000 0.000 0.000 0.000 0.000 40.576 190.556 32.528 167.512 53.628 170.591 -9.040 183.244 46.384 184.457 -20.672 246.173 66.495 248.514 -25.773 352.101 100.233 356.543 -7.220 383.759 109.566 418.022 6.036 431.558 60.780 441.354 117.325 486.809 106.641 487.850 170.338 500.207 126.472 437.766
/Volumes/Samsung_T5/MLDanseImprovML/fullHD/chunks/2019-10-04_12-03-39.mp4-57.mp4 1.438 29.238 5.348 0.264 0.562 0.251 0.347 0.120 0.018 0.031 0.030 0.036 0.024 0.008 0.002 0.002 0.001 0.001 0.001 0.000 0.000 0.000 0.000 0.000 66.430 188.987 60.156 176.535 57.663 177.396 15.558 185.085 30.370 184.886 -21.917 242.435 66.127 245.948 -23.886 348.656 105.437 357.353 -4.236 387.728 113.833 433.477 7.459 429.812 58.207 439.746 -9.451 385.709 95.503 494.427 -12.871 405.197 24.998 386.498
/Volumes/Samsung_T5/MLDanseImprovML/fullHD/chunks/2019-10-04_12-03-39.mp4-57.mp4 0.076 0.843 0.115 0.282 0.152 0.049 0.022 0.007 0.005 0.004 0.005 0.003 0.002 0.001 0.000 0.001 0.000 0.000 0.000 0.000 0.000 0.000 0.000 0.000 80.728 185.602 78.543 177.585 78.974 181.013 21.617 187.634 50.287 184.536 -10.996 244.529 82.042 245.968 -19.405 346.804 113.547 358.852 129.451 441.944 130.136 443.367 9.774 434.407 76.999 443.008 -9.946 386.384 150.741 482.903 -7.559 405.016 -6.890 403.837
/Volumes/Samsung_T5/MLDanseImprovML/fullHD/chunks/2019-10-04_12-03-39.mp4-57.mp4 1.322 36.484 13.993 1.172 0.409 0.089 0.215 0.239 0.305 0.422 0.310 0.065 0.066 0.012 0.014 0.007 0.001 0.002 0.001 0.000 0.000 0.000 0.000 0.000 83.157 184.532 80.784 175.703 81.669 177.081 11.831 188.992 50.748 183.374 -10.829 247.179 84.719 244.943 -20.752 350.176 118.450 356.645 129.839 445.495 128.468 447.313 8.297 439.456 78.585 439.185 -10.281 384.590 152.180 480.477 -7.575 405.415 25.589 377.546
/Volumes/Samsung_T5/MLDanseImprovML/fullHD/chunks/2019-10-04_12-03-39.mp4-57.mp4 1.072 7.881 1.703 0.198 0.142 0.027 0.034 0.020 0.009 0.010 0.011 0.004 0.005 0.002 0.001 0.000 0.000 0.000 0.000 0.000 0.000 0.000 0.000 0.000 106.158 189.127 107.571 175.522 104.152 177.999 47.882 184.042 71.800 184.507 7.050 243.163 92.502 246.068 -12.967 340.304 123.281 366.531 33.765 363.472 151.931 438.515 21.260 433.748 93.342 424.137 34.040 381.092 147.791 430.953 -7.788 401.606 143.427 418.063
/Volumes/Samsung_T5/MLDanseImprovML/fullHD/chunks/2019-10-04_12-03-39.mp4-57.mp4 0.274 0.744 0.091 0.099 0.114 0.044 0.013 0.006 0.007 0.015 0.005 0.007 0.004 0.001 0.000 0.000 0.000 0.000 0.000 0.000 0.000 0.000 0.000 0.000 137.863 193.394 138.105 185.291 134.619 184.299 78.062 182.053 101.050 189.830 37.273 246.088 108.512 248.194 29.983 350.008 122.839 354.328 58.172 382.403 149.263 420.262 53.767 419.410 110.147 422.851 205.477 509.979 165.954 485.512 54.931 435.010 152.426 429.240
/Volumes/Samsung_T5/MLDanseImprovML/fullHD/chunks/2019-10-04_12-03-39.mp4-57.mp4 1.601 0.825 0.672 0.098 0.086 0.365 0.058 0.053 0.026 0.004 0.004 0.016 0.027 0.021 0.010 0.011 0.011 0.014 0.008 0.004 0.002 0.002 0.001 0.000 137.863 193.394 138.105 185.291 134.619 184.299 78.062 182.053 101.050 189.830 37.273 246.088 108.512 248.194 29.983 350.008 122.839 354.328 58.172 382.403 149.263 420.262 53.767 419.410 110.147 422.851 205.477 509.979 165.954 485.512 54.931 435.010 152.426 429.240
/Volumes/Samsung_T5/MLDanseImprovML/fullHD/chunks/2019-10-04_12-03-39.mp4-57.mp4 0.801 0.845 0.208 0.030 0.034 0.088 0.040 0.014 0.001 0.003 0.010 0.019 0.012 0.006 0.005 0.005 0.007 0.010 0.004 0.002 0.002 0.001 0.000 0.000 168.790 200.241 163.728 190.269 163.814 190.945 116.232 190.088 136.760 196.508 71.897 247.082 140.117 254.236 58.141 344.273 151.866 350.716 88.392 380.503 171.812 420.552 82.205 412.214 140.107 414.527 51.303 440.844 159.571 432.313 40.669 435.103 163.355 430.586
/Volumes/Samsung_T5/MLDanseImprovML/fullHD/chunks/2019-10-04_12-03-39.mp4-57.mp4 0.099 0.042 0.126 0.009 0.023 0.010 0.006 0.001 0.001 0.001 0.001 0.001 0.001 0.000 0.001 0.002 0.001 0.001 0.001 0.000 0.000 0.000 0.000 0.000 212.816 210.513 210.620 198.336 202.899 196.504 161.775 198.479 182.236 204.510 125.706 248.063 181.788 257.881 115.212 346.144 182.792 351.704 125.749 387.837 186.532 405.719 131.193 415.309 173.536 417.151 119.665 428.658 188.855 423.344 172.396 426.651 188.595 427.909
/Volumes/Samsung_T5/MLDanseImprovML/fullHD/chunks/2019-10-04_12-03-39.mp4-57.mp4 0.086 0.095 0.047 0.015 0.018 0.014 0.005 0.000 0.005 0.004 0.004 0.000 0.001 0.001 0.000 0.000 0.000 0.000 0.000 0.000 0.000 0.000 0.000 0.000 237.259 203.579 236.740 192.003 231.229 188.857 204.646 190.951 208.642 193.061 157.101 240.844 200.321 243.490 146.195 332.693 216.649 333.847 155.723 382.403 207.463 382.704 155.408 414.916 204.716 412.393 161.812 465.573 223.726 446.393 168.563 403.408 228.702 438.954
/Volumes/Samsung_T5/MLDanseImprovML/fullHD/chunks/2019-10-04_12-03-39.mp4-57.mp4 2.656 0.426 0.538 0.618 0.037 0.109 0.296 0.094 0.011 0.020 0.009 0.004 0.003 0.003 0.001 0.000 0.000 0.000 0.000 0.000 0.000 0.000 0.000 0.000 278.357 201.907 281.800 192.934 275.862 190.918 265.985 193.782 245.846 187.998 214.250 230.441 231.164 239.741 200.310 316.760 240.237 316.901 202.430 357.898 249.171 349.492 196.234 379.142 230.407 374.843 252.404 452.190 242.365 448.649 250.577 462.677 271.129 448.137
/Volumes/Samsung_T5/MLDanseImprovML/fullHD/chunks/2019-10-04_12-03-39.mp4-57.mp4 1.071 0.168 0.594 0.509 0.143 0.107 0.324 0.109 0.010 0.023 0.035 0.006 0.003 0.004 0.002 0.001 0.001 0.000 0.000 0.000 0.000 0.000 0.000 0.000 278.357 201.907 281.800 192.934 275.862 190.918 265.985 193.782 245.846 187.998 214.250 230.441 231.164 239.741 200.310 316.760 240.237 316.901 202.430 357.898 249.171 349.492 196.234 379.142 230.407 374.843 252.404 452.190 242.365 448.649 250.577 462.677 271.129 448.137
/Volumes/Samsung_T5/MLDanseImprovML/fullHD/chunks/2019-10-04_12-03-39.mp4-57.mp4 0.088 0.033 0.169 0.134 0.044 0.093 0.103 0.017 0.002 0.007 0.006 0.003 0.003 0.002 0.001 0.000 0.000 0.000 0.000 0.000 0.000 0.000 0.000 0.000 309.039 203.541 309.923 195.090 301.893 193.630 283.734 192.932 278.541 190.313 261.935 234.136 255.970 239.870 260.507 311.995 235.675 329.590 318.444 303.331 255.600 409.224 262.669 367.088 246.351 374.403 249.027 444.598 288.139 447.791 268.147 476.999 270.938 490.616
/Volumes/Samsung_T5/MLDanseImprovML/fullHD/chunks/2019-10-04_12-03-39.mp4-57.mp4 0.155 0.043 0.131 0.115 0.052 0.070 0.069 0.009 0.005 0.017 0.021 0.005 0.003 0.001 0.000 0.001 0.000 0.000 0.001 0.000 0.000 0.000 0.000 0.000 320.105 205.957 324.967 198.016 313.423 194.684 310.497 200.683 290.196 191.385 287.197 236.432 268.326 244.385 293.040 296.087 264.228 323.052 341.472 296.612 328.107 302.320 286.595 368.923 263.407 373.399 264.377 452.486 289.151 456.638 286.656 481.758 289.475 486.644
/Volumes/Samsung_T5/MLDanseImprovML/fullHD/chunks/2019-10-04_12-03-39.mp4-57.mp4 0.087 0.046 0.065 0.078 0.147 0.052 0.026 0.009 0.008 0.029 0.004 0.013 0.003 0.002 0.001 0.001 0.002 0.001 0.001 0.001 0.001 0.000 0.000 0.000 343.444 212.865 342.231 199.213 337.586 199.032 323.696 197.795 313.568 198.495 304.203 246.729 284.773 248.854 326.050 299.586 283.058 331.830 378.247 287.670 374.912 289.520 313.797 386.437 288.750 392.482 299.897 475.014 327.896 468.712 328.738 503.913 319.149 506.640 