/Volumes/Samsung_T5/MLDanseImprovML/fullHD/chunks/2019-10-04_12-03-39.mp4-75.mp4 2.172 0.668 0.043 0.065 0.078 0.088 0.032 0.007 0.006 0.015 0.013 0.009 0.013 0.004 0.002 0.003 0.003 0.001 0.001 0.001 0.001 0.000 0.000 0.000 0.000 0.000 0.000 0.000 0.000 0.000 0.000 0.000 0.000 0.000 0.000 0.000 0.000 0.000 0.000 0.000 0.000 0.000 0.000 0.000 0.000 0.000 0.000 0.000 0.000 0.000 0.000 0.000 0.000 0.000 0.000 0.000 0.000 0.000 /Volumes/Samsung_T5/MLDanseImprovML/fullHD/chunks/2019-10-04_12-03-39.mp4-78.mp4 2.172 0.668 0.043 0.065 0.078 0.088 0.032 0.007 0.006 0.015 0.013 0.009 0.013 0.004 0.002 0.003 0.003 0.001 0.001 0.001 0.001 0.000 0.000 0.000 0.000 0.000 0.000 0.000 0.000 0.000 0.000 0.000 0.000 0.000 0.000 0.000 0.000 0.000 0.000 0.000 0.000 0.000 0.000 0.000 0.000 0.000 0.000 0.000 0.000 0.000 0.000 0.000 0.000 0.000 0.000 0.000 0.000 0.000


/Volumes/Samsung_T5/MLDanseImprovML/fullHD/chunks/2019-10-04_12-03-39.mp4-78.mp4 2.172 0.668 0.043 0.065 0.078 0.088 0.032 0.007 0.006 0.015 0.013 0.009 0.013 0.004 0.002 0.003 0.003 0.001 0.001 0.001 0.001 0.000 0.000 0.000 0.000 0.000 0.000 0.000 0.000 0.000 0.000 0.000 0.000 0.000 0.000 0.000 0.000 0.000 0.000 0.000 0.000 0.000 0.000 0.000 0.000 0.000 0.000 0.000 0.000 0.000 0.000 0.000 0.000 0.000 0.000 0.000 0.000 0.000
/Volumes/Samsung_T5/MLDanseImprovML/fullHD/chunks/2019-10-04_12-03-39.mp4-78.mp4 0.000 0.000 0.000 0.000 0.000 0.000 0.000 0.000 0.000 0.000 0.000 0.000 0.000 0.000 0.000 0.000 0.000 0.000 0.000 0.000 0.000 0.000 0.000 0.000 0.000 0.000 0.000 0.000 0.000 0.000 0.000 0.000 0.000 0.000 0.000 0.000 0.000 0.000 0.000 0.000 0.000 0.000 0.000 0.000 0.000 0.000 0.000 0.000 0.000 0.000 0.000 0.000 0.000 0.000 0.000 0.000 0.000 0.000
/Volumes/Samsung_T5/MLDanseImprovML/fullHD/chunks/2019-10-04_12-03-39.mp4-78.mp4 0.014 0.038 0.063 0.012 0.051 0.189 0.030 0.005 0.008 0.003 0.000 0.001 0.000 0.000 0.000 0.002 0.001 0.001 0.001 0.001 0.001 0.000 0.000 0.000 0.000 0.000 0.000 0.000 0.000 0.000 0.000 0.000 0.000 0.000 0.000 0.000 0.000 0.000 0.000 0.000 0.000 0.000 0.000 0.000 0.000 0.000 0.000 0.000 0.000 0.000 0.000 0.000 0.000 0.000 0.000 0.000 0.000 0.000
/Volumes/Samsung_T5/MLDanseImprovML/fullHD/chunks/2019-10-04_12-03-39.mp4-78.mp4 0.053 0.038 0.077 0.028 0.031 0.059 0.022 0.004 0.007 0.003 0.000 0.001 0.001 0.000 0.000 0.000 0.000 0.000 0.000 0.000 0.000 0.000 0.000 0.000 0.000 0.000 0.000 0.000 0.000 0.000 0.000 0.000 0.000 0.000 0.000 0.000 0.000 0.000 0.000 0.000 0.000 0.000 0.000 0.000 0.000 0.000 0.000 0.000 0.000 0.000 0.000 0.000 0.000 0.000 0.000 0.000 0.000 0.000
/Volumes/Samsung_T5/MLDanseImprovML/fullHD/chunks/2019-10-04_12-03-39.mp4-78.mp4 9.905 3.983 0.053 0.260 0.176 0.141 0.156 0.069 0.025 0.015 0.008 0.021 0.003 0.003 0.002 0.001 0.000 0.001 0.001 0.000 0.000 0.000 0.000 0.000 0.000 0.000 0.000 0.000 0.000 0.000 0.000 0.000 0.000 0.000 0.000 0.000 0.000 0.000 0.000 0.000 0.000 0.000 0.000 0.000 0.000 0.000 0.000 0.000 0.000 0.000 0.000 0.000 0.000 0.000 0.000 0.000 0.000 0.000
/Volumes/Samsung_T5/MLDanseImprovML/fullHD/chunks/2019-10-04_12-03-39.mp4-78.mp4 0.391 0.777 0.207 0.105 0.082 0.048 0.195 0.070 0.002 0.009 0.016 0.016 0.003 0.001 0.001 0.000 0.000 0.000 0.000 0.000 0.000 0.000 0.000 0.000 0.000 0.000 0.000 0.000 0.000 0.000 0.000 0.000 0.000 0.000 0.000 0.000 0.000 0.000 0.000 0.000 0.000 0.000 0.000 0.000 0.000 0.000 0.000 0.000 0.000 0.000 0.000 0.000 0.000 0.000 0.000 0.000 0.000 0.000
/Volumes/Samsung_T5/MLDanseImprovML/fullHD/chunks/2019-10-04_12-03-39.mp4-78.mp4 0.458 0.111 0.101 0.101 0.150 0.019 0.051 0.015 0.008 0.001 0.002 0.003 0.002 0.001 0.000 0.000 0.000 0.000 0.000 0.000 0.000 0.000 0.000 0.000 0.000 0.000 0.000 0.000 0.000 0.000 0.000 0.000 0.000 0.000 0.000 0.000 0.000 0.000 0.000 0.000 0.000 0.000 0.000 0.000 0.000 0.000 0.000 0.000 0.000 0.000 0.000 0.000 0.000 0.000 0.000 0.000 0.000 0.000
/Volumes/Samsung_T5/MLDanseImprovML/fullHD/chunks/2019-10-04_12-03-39.mp4-78.mp4 0.134 8.633 7.822 1.083 0.693 0.715 0.835 0.183 0.031 0.007 0.059 0.126 0.045 0.031 0.026 0.008 0.003 0.003 0.002 0.001 0.001 0.000 0.000 0.000 0.000 0.000 0.000 0.000 0.000 0.000 0.000 0.000 0.000 0.000 0.000 0.000 0.000 0.000 0.000 0.000 0.000 0.000 0.000 0.000 0.000 0.000 0.000 0.000 0.000 0.000 0.000 0.000 0.000 0.000 0.000 0.000 0.000 0.000
/Volumes/Samsung_T5/MLDanseImprovML/fullHD/chunks/2019-10-04_12-03-39.mp4-78.mp4 0.024 0.154 0.074 0.055 0.026 0.045 0.006 0.008 0.001 0.003 0.003 0.005 0.005 0.004 0.004 0.002 0.002 0.002 0.002 0.001 0.000 0.000 0.000 0.000 0.000 0.000 0.000 0.000 0.000 0.000 0.000 0.000 0.000 0.000 0.000 0.000 0.000 0.000 0.000 0.000 0.000 0.000 0.000 0.000 0.000 0.000 0.000 0.000 0.000 0.000 0.000 0.000 0.000 0.000 0.000 0.000 0.000 0.000
/Volumes/Samsung_T5/MLDanseImprovML/fullHD/chunks/2019-10-04_12-03-39.mp4-78.mp4 0.019 0.033 0.023 0.011 0.016 0.008 0.011 0.004 0.001 0.001 0.001 0.001 0.001 0.000 0.000 0.001 0.000 0.000 0.000 0.000 0.000 0.000 0.000 0.000 0.000 0.000 0.000 0.000 0.000 0.000 0.000 0.000 0.000 0.000 0.000 0.000 0.000 0.000 0.000 0.000 0.000 0.000 0.000 0.000 0.000 0.000 0.000 0.000 0.000 0.000 0.000 0.000 0.000 0.000 0.000 0.000 0.000 0.000
/Volumes/Samsung_T5/MLDanseImprovML/fullHD/chunks/2019-10-04_12-03-39.mp4-78.mp4 0.004 0.065 0.026 0.027 0.027 0.029 0.009 0.002 0.001 0.002 0.002 0.001 0.001 0.001 0.000 0.000 0.000 0.000 0.000 0.000 0.000 0.000 0.000 0.000 0.000 0.000 0.000 0.000 0.000 0.000 0.000 0.000 0.000 0.000 0.000 0.000 0.000 0.000 0.000 0.000 0.000 0.000 0.000 0.000 0.000 0.000 0.000 0.000 0.000 0.000 0.000 0.000 0.000 0.000 0.000 0.000 0.000 0.000
/Volumes/Samsung_T5/MLDanseImprovML/fullHD/chunks/2019-10-04_12-03-39.mp4-78.mp4 0.028 0.055 0.018 0.021 0.002 0.006 0.002 0.001 0.002 0.002 0.000 0.000 0.000 0.000 0.000 0.000 0.000 0.000 0.001 0.000 0.000 0.000 0.000 0.000 0.000 0.000 0.000 0.000 0.000 0.000 0.000 0.000 0.000 0.000 0.000 0.000 0.000 0.000 0.000 0.000 0.000 0.000 0.000 0.000 0.000 0.000 0.000 0.000 0.000 0.000 0.000 0.000 0.000 0.000 0.000 0.000 0.000 0.000
/Volumes/Samsung_T5/MLDanseImprovML/fullHD/chunks/2019-10-04_12-03-39.mp4-78.mp4 0.010 0.006 0.012 0.006 0.002 0.001 0.001 0.000 0.000 0.000 0.000 0.000 0.000 0.000 0.000 0.000 0.000 0.000 0.000 0.000 0.000 0.000 0.000 0.000 0.000 0.000 0.000 0.000 0.000 0.000 0.000 0.000 0.000 0.000 0.000 0.000 0.000 0.000 0.000 0.000 0.000 0.000 0.000 0.000 0.000 0.000 0.000 0.000 0.000 0.000 0.000 0.000 0.000 0.000 0.000 0.000 0.000 0.000
/Volumes/Samsung_T5/MLDanseImprovML/fullHD/chunks/2019-10-04_12-03-39.mp4-78.mp4 0.023 0.012 0.006 0.003 0.003 0.002 0.000 0.000 0.000 0.000 0.000 0.000 0.000 0.000 0.000 0.000 0.000 0.000 0.000 0.000 0.000 0.000 0.000 0.000 0.000 0.000 0.000 0.000 0.000 0.000 0.000 0.000 0.000 0.000 0.000 0.000 0.000 0.000 0.000 0.000 0.000 0.000 0.000 0.000 0.000 0.000 0.000 0.000 0.000 0.000 0.000 0.000 0.000 0.000 0.000 0.000 0.000 0.000
/Volumes/Samsung_T5/MLDanseImprovML/fullHD/chunks/2019-10-04_12-03-39.mp4-78.mp4 0.033 0.129 0.454 0.175 0.240 0.639 0.040 0.023 0.020 0.025 0.008 0.015 0.014 0.016 0.007 0.004 0.003 0.008 0.003 0.002 0.001 0.000 0.000 0.000 561.697 214.251 583.222 183.135 565.941 184.431 620.001 211.586 576.584 181.364 618.294 333.822 606.879 324.170 586.438 358.830 591.282 357.353 607.538 299.273 602.657 274.295 440.480 452.118 599.447 387.582 594.005 460.942 590.406 459.884 601.770 485.143 597.731 484.285
/Volumes/Samsung_T5/MLDanseImprovML/fullHD/chunks/2019-10-04_12-03-39.mp4-78.mp4 0.053 0.018 0.125 0.036 0.150 0.445 0.083 0.028 0.008 0.004 0.004 0.001 0.000 0.000 0.000 0.000 0.000 0.000 0.000 0.000 0.000 0.000 0.000 0.000 546.091 194.396 567.616 180.378 542.523 175.510 613.783 183.306 564.203 178.915 615.866 319.642 602.204 312.873 605.988 435.730 580.760 252.024 619.941 331.654 597.993 181.013 438.909 450.819 395.306 432.799 552.839 466.756 578.236 471.828 597.552 495.175 595.343 494.341
/Volumes/Samsung_T5/MLDanseImprovML/fullHD/chunks/2019-10-04_12-03-39.mp4-78.mp4 0.045 0.003 0.045 0.012 0.101 0.328 0.050 0.018 0.007 0.006 0.009 0.000 0.000 0.000 0.000 0.000 0.000 0.000 0.000 0.000 0.000 0.000 0.000 0.000 546.091 194.396 567.616 180.378 542.523 175.510 613.783 183.306 564.203 178.915 615.866 319.642 602.204 312.873 605.988 435.730 580.760 252.024 619.941 331.654 597.993 181.013 438.909 450.819 395.306 432.799 552.839 466.756 578.236 471.828 597.552 495.175 595.343 494.341
/Volumes/Samsung_T5/MLDanseImprovML/fullHD/chunks/2019-10-04_12-03-39.mp4-78.mp4 0.088 0.000 0.003 0.025 0.016 0.023 0.020 0.008 0.003 0.000 0.003 0.004 0.001 0.000 0.000 0.000 0.000 0.000 0.000 0.000 0.000 0.000 0.000 0.000 546.091 194.396 567.616 180.378 542.523 175.510 613.783 183.306 564.203 178.915 615.866 319.642 602.204 312.873 605.988 435.730 580.760 252.024 619.941 331.654 597.993 181.013 438.909 450.819 395.306 432.799 552.839 466.756 578.236 471.828 597.552 495.175 595.343 494.341
/Volumes/Samsung_T5/MLDanseImprovML/fullHD/chunks/2019-10-04_12-03-39.mp4-78.mp4 4.342 3.492 0.571 0.234 0.298 0.055 0.013 0.002 0.001 0.007 0.008 0.005 0.004 0.001 0.001 0.001 0.000 0.000 0.000 0.000 0.000 0.000 0.000 0.000 518.851 197.014 530.202 179.667 511.701 176.161 575.346 202.240 578.106 206.496 624.554 362.805 574.363 352.308 552.379 272.826 579.686 270.461 603.117 277.998 598.401 276.606 433.094 433.622 395.767 430.047 548.223 473.264 518.858 492.725 196.152 343.652 521.140 506.058
/Volumes/Samsung_T5/MLDanseImprovML/fullHD/chunks/2019-10-04_12-03-39.mp4-78.mp4 1.121 0.538 0.095 0.017 0.066 0.040 0.027 0.013 0.002 0.015 0.020 0.003 0.002 0.002 0.001 0.001 0.001 0.001 0.001 0.000 0.000 0.000 0.000 0.000 517.983 199.552 528.226 179.582 520.381 183.972 573.049 200.085 586.448 211.176 619.937 362.114 576.133 352.098 555.961 278.654 583.724 275.240 601.317 274.387 594.254 271.057 432.527 435.927 396.452 431.213 548.337 476.736 518.349 495.894 195.985 343.124 518.990 505.205
/Volumes/Samsung_T5/MLDanseImprovML/fullHD/chunks/2019-10-04_12-03-39.mp4-78.mp4 0.424 0.039 0.016 0.003 0.005 0.003 0.002 0.001 0.000 0.005 0.007 0.002 0.001 0.001 0.001 0.000 0.001 0.001 0.001 0.000 0.000 0.000 0.000 0.000 510.849 203.521 523.368 182.249 512.443 180.225 579.079 197.481 587.206 209.800 613.965 338.361 580.857 335.637 550.066 399.069 543.722 368.993 611.779 267.092 604.077 265.006 564.703 464.252 544.434 466.334 549.741 473.919 519.665 494.259 545.148 481.254 546.952 480.665
/Volumes/Samsung_T5/MLDanseImprovML/fullHD/chunks/2019-10-04_12-03-39.mp4-78.mp4 0.034 0.015 0.003 0.005 0.036 0.008 0.001 0.000 0.012 0.030 0.001 0.001 0.001 0.001 0.000 0.000 0.001 0.001 0.001 0.000 0.000 0.000 0.000 0.000 505.586 199.541 530.231 183.356 512.972 178.409 593.790 196.140 586.025 199.748 609.544 321.154 570.972 308.322 545.515 438.845 548.707 440.649 569.325 394.897 480.606 351.559 430.058 452.407 535.746 477.023 548.828 476.638 520.738 492.514 515.443 504.084 520.902 504.227
/Volumes/Samsung_T5/MLDanseImprovML/fullHD/chunks/2019-10-04_12-03-39.mp4-78.mp4 0.078 0.001 0.000 0.003 0.073 0.015 0.000 0.000 0.001 0.003 0.001 0.002 0.000 0.000 0.000 0.000 0.000 0.000 0.000 0.000 0.000 0.000 0.000 0.000 505.817 202.827 530.378 184.667 512.796 180.007 595.710 194.231 530.461 180.938 612.816 319.480 573.617 317.273 546.544 438.823 556.173 443.519 570.548 394.276 567.729 198.979 408.184 435.140 395.799 431.264 550.544 473.030 522.149 490.390 544.652 482.366 522.211 505.256
/Volumes/Samsung_T5/MLDanseImprovML/fullHD/chunks/2019-10-04_12-03-39.mp4-78.mp4 0.071 0.005 0.052 0.012 0.041 0.055 0.001 0.002 0.005 0.007 0.000 0.001 0.000 0.000 0.000 0.000 0.001 0.000 0.000 0.000 0.000 0.000 0.000 0.000 506.562 203.353 531.022 185.927 512.856 182.722 598.179 187.878 526.527 180.686 614.086 324.386 567.641 314.079 568.348 386.848 546.758 439.308 555.662 361.333 563.809 197.770 406.366 436.498 395.600 431.978 509.728 491.597 483.413 496.493 513.984 501.381 517.510 501.282
/Volumes/Samsung_T5/MLDanseImprovML/fullHD/chunks/2019-10-04_12-03-39.mp4-78.mp4 2.166 0.701 0.553 0.253 0.418 0.237 0.244 0.198 0.095 0.018 0.020 0.075 0.037 0.015 0.010 0.009 0.007 0.005 0.004 0.002 0.001 0.001 0.000 0.000 506.562 203.353 531.022 185.927 512.856 182.722 598.179 187.878 526.527 180.686 614.086 324.386 567.641 314.079 568.348 386.848 546.758 439.308 555.662 361.333 563.809 197.770 406.366 436.498 395.600 431.978 509.728 491.597 483.413 496.493 513.984 501.381 517.510 501.282 